
alfa=5;
Da=100;
Nx=251;
Ny=51;