L=20;
H=1;
c0=1;
Pe=100;
Da=1;
n=2;
Nx=400;
Nz=20;
